1692156719970 0.0 10
1692156743062 0.0 20
1692156765854 0.0 30
1692156788282 0.0 40
1692156810607 0.0 50
1692156833360 0.0 60
1692156855783 0.0 70
1692156878517 0.0 80
1692156901591 0.0 90
1692156924210 0.01 100
1692156947130 0.01 110
1692156970268 0.01 120
1692156993734 0.01 130
1692157016623 0.01 140
1692157039623 0.01 150
1692157062328 0.01 160
1692157085161 0.01 170
1692157107742 0.01 180
1692157130226 0.01 190
1692157153285 0.01 200
1692157175548 0.01 210
1692157198176 0.01 220
1692157221393 0.01 230
1692157243593 0.01 240
1692157266421 0.01 250
1692157289492 0.01 260
1692157312155 0.01 270
1692157335293 0.01 280
1692157357912 0.02 290
1692157380824 0.02 300
1692157404193 0.02 310
1692157426068 0.02 320
1692157448222 0.02 330
1692157471072 0.02 340
1692157494196 0.02 350
1692157516263 0.02 360
1692157538989 0.02 370
1692157561500 0.02 380
1692157583643 0.02 390
1692157606834 0.02 400
1692157628739 0.02 410
1692157651387 0.02 420
1692157674565 0.02 430
1692157697407 0.02 440
1692157719703 0.02 450
1692157742232 0.02 460
1692157765220 0.02 470
1692157787418 0.03 480
1692157810423 0.03 490
1692157833521 0.03 500
1692157926691 0.03 500
1692157949675 0.03 510
1692157971738 0.03 520
1692157994346 0.03 530
1692158017338 0.03 540
1692158040512 0.03 550
1692158063755 0.03 560
1692158085876 0.03 570
1692158109324 0.03 580
1692158132016 0.03 590
1692158153963 0.03 600
1692158176798 0.03 610
1692158199071 0.03 620
1692158222149 0.03 630
1692158245186 0.03 640
1692158267714 0.03 650
1692158290795 0.03 660
1692158313678 0.04 670
1692158336168 0.04 680
1692158359396 0.04 690
1692158382068 0.04 700
1692158404162 0.04 710
1692158427105 0.04 720
1692158449455 0.04 730
1692158472920 0.04 740
1692158495006 0.04 750
1692158516630 0.04 760
1692158539389 0.04 770
1692158562254 0.04 780
1692158584910 0.04 790
1692158607724 0.04 800
1692158630420 0.04 810
1692158653021 0.04 820
1692158676333 0.04 830
1692158698050 0.04 840
1692158720936 0.04 850
1692158743435 0.05 860
1692158766281 0.05 870
1692158788860 0.05 880
1692158811250 0.05 890
1692158834160 0.05 900
1692158856655 0.05 910
1692158879580 0.05 920
1692158902396 0.05 930
1692158925421 0.05 940
1692158948815 0.05 950
1692158971712 0.05 960
1692158994590 0.05 970
1692159017686 0.05 980
1692159039997 0.05 990
1692159062256 0.05 1000
1692159154200 0.05 1000
1692159178297 0.05 1010
