1692156719970 0.0003999365348000847 10
1692156743062 0.00039986601791128977 20
1692156765854 0.0003997955010224949 30
1692156788282 0.00039972498413370005 40
1692156810607 0.00039966151893378466 50
1692156833360 0.0003995910020449898 60
1692156855783 0.00039952048515619495 70
1692156878517 0.00039944996826740003 80
1692156901591 0.0003993794513786052 90
1692156924210 0.00039930893448981037 100
1692156947130 0.00039923841760101546 110
1692156970268 0.0003991679007122206 120
1692156993734 0.00039909738382342574 130
1692157016623 0.0003990268669346309 140
1692157039623 0.00039895635004583597 150
1692157062328 0.0003988858331570411 160
1692157085161 0.0003988153162682463 170
1692157107742 0.0003987447993794514 180
1692157130226 0.00039867428249065653 190
1692157153285 0.00039860376560186167 200
1692157175548 0.0003985332487130668 210
1692157198176 0.0003984627318242719 220
1692157221393 0.0003983922149354771 230
1692157243593 0.0003983216980466822 240
1692157266421 0.0003982511811578873 250
1692157289492 0.00039818066426909246 260
1692157312155 0.0003981101473802976 270
1692157335293 0.00039803963049150274 280
1692157357912 0.00039796911360270783 290
1692157380824 0.000397898596713913 300
1692157404193 0.0003978280798251181 310
1692157426068 0.00039775756293632325 320
1692157448222 0.0003976870460475284 330
1692157471072 0.00039761652915873354 340
1692157494196 0.0003975460122699387 350
1692157516263 0.0003974754953811438 360
1692157538989 0.00039740497849234896 370
1692157561500 0.00039733446160355405 380
1692157583643 0.0003972639447147592 390
1692157606834 0.0003971934278259644 400
1692157628739 0.00039712291093716947 410
1692157651387 0.0003970523940483746 420
1692157674565 0.00039698187715957975 430
1692157697407 0.0003969113602707849 440
1692157719703 0.00039684084338199 450
1692157742232 0.0003967703264931951 460
1692157765220 0.00039669980960440026 470
1692157787418 0.0003966292927156054 480
1692157810423 0.00039655877582681054 490
1692157833521 0.0003964882589380157 500
1692157949675 0.0003964177420492208 510
1692157971738 0.0003963472251604259 520
1692157994346 0.00039627670827163105 530
1692158017338 0.0003962061913828362 540
1692158040512 0.00039613567449404134 550
1692158063755 0.0003960651576052465 560
1692158085876 0.0003959946407164516 570
1692158109324 0.00039592412382765676 580
1692158132016 0.00039585360693886185 590
1692158153963 0.00039578309005006704 600
1692158176798 0.00039571257316127213 610
1692158199071 0.00039564205627247727 620
1692158222149 0.0003955715393836824 630
1692158245186 0.00039550102249488755 640
1692158267714 0.0003954305056060927 650
1692158290795 0.0003953599887172978 660
1692158313678 0.000395289471828503 670
1692158336168 0.00039521895493970806 680
1692158359396 0.0003951554897397927 690
1692158382068 0.0003950849728509978 700
1692158404162 0.00039501445596220295 710
1692158427105 0.0003949439390734081 720
1692158449455 0.00039487342218461324 730
1692158472920 0.0003948029052958184 740
1692158495006 0.00039473238840702346 750
1692158516630 0.00039466187151822866 760
1692158539389 0.00039459135462943375 770
1692158562254 0.0003945208377406389 780
1692158584910 0.0003944503208518441 790
1692158607724 0.00039437980396304917 800
1692158630420 0.0003943092870742543 810
1692158653021 0.00039423877018545945 820
1692158676333 0.0003941682532966646 830
1692158698050 0.0003940977364078697 840
1692158720936 0.0003940272195190748 850
1692158743435 0.00039395670263027996 860
1692158766281 0.0003938861857414851 870
1692158788860 0.00039381566885269024 880
1692158811250 0.0003937451519638954 890
1692158834160 0.0003936746350751005 900
1692158856655 0.0003936041181863056 910
1692158879580 0.00039353360129751075 920
