1692156719970 5.9046 10
1692156743062 2.4299 20
1692156765854 1.4431 30
1692156788282 1.0973 40
1692156810607 0.952 50
1692156833360 0.8874 60
1692156855783 0.8046 70
1692156878517 0.7641 80
1692156901591 0.7188 90
1692156924210 0.6587 100
1692156947130 0.6246 110
1692156970268 0.5752 120
1692156993734 0.5564 130
1692157016623 0.5444 140
1692157039623 0.5458 150
1692157062328 0.5 160
1692157085161 0.462 170
1692157107742 0.4429 180
1692157130226 0.4365 190
1692157153285 0.4182 200
1692157175548 0.395 210
1692157198176 0.3958 220
1692157221393 0.3854 230
1692157243593 0.3672 240
1692157266421 0.362 250
1692157289492 0.3307 260
1692157312155 0.3413 270
1692157335293 0.3153 280
1692157357912 0.2992 290
1692157380824 0.3026 300
1692157404193 0.3049 310
1692157426068 0.2801 320
1692157448222 0.2901 330
1692157471072 0.2897 340
1692157494196 0.2718 350
1692157516263 0.26 360
1692157538989 0.2684 370
1692157561500 0.2813 380
1692157583643 0.2544 390
1692157606834 0.2616 400
1692157628739 0.2464 410
1692157651387 0.2502 420
1692157674565 0.2411 430
1692157697407 0.2354 440
1692157719703 0.2279 450
1692157742232 0.2419 460
1692157765220 0.2588 470
1692157787418 0.2422 480
1692157810423 0.2363 490
1692157833521 0.2311 500
1692157949675 0.2266 510
1692157971738 0.2232 520
1692157994346 0.2271 530
1692158017338 0.222 540
1692158040512 0.2182 550
1692158063755 0.2176 560
1692158085876 0.2154 570
1692158109324 0.1941 580
1692158132016 0.2061 590
1692158153963 0.1935 600
1692158176798 0.1993 610
1692158199071 0.2061 620
1692158222149 0.2122 630
1692158245186 0.2181 640
1692158267714 0.2008 650
1692158290795 0.2132 660
1692158313678 0.1964 670
1692158336168 0.2053 680
1692158359396 0.1983 690
1692158382068 0.1906 700
1692158404162 0.1977 710
1692158427105 0.1924 720
1692158449455 0.1848 730
1692158472920 0.1902 740
1692158495006 0.1866 750
1692158516630 0.1816 760
1692158539389 0.2069 770
1692158562254 0.1955 780
1692158584910 0.1967 790
1692158607724 0.1838 800
1692158630420 0.1758 810
1692158653021 0.1706 820
1692158676333 0.1872 830
1692158698050 0.1841 840
1692158720936 0.1868 850
1692158743435 0.1826 860
1692158766281 0.1811 870
1692158788860 0.1731 880
1692158811250 0.1977 890
1692158834160 0.1745 900
1692158856655 0.1707 910
1692158879580 0.1812 920
